300454
300504
300514
300554
300556
300557
300558
300559
300560
300561
300562
300563
300565
300566
300567
300568
300569
300570
300571
300572
300573
300575
300576
300577
300578
300579
300580
300581
300582
300583
300584
300585
300586
300587
300588
300589
300590
300591
300592
300593
300594
300595
300596
300597
300598
300599
300600
300601
300602
300603
300604
300605
300606
300607
300608
300609
300610
300611
300612
300613
300615
300616
300617
300618
300619
300620
300621
300622
300623
300624
300625
300626
300627
300628
300629
300630
300631
300632
300633
300634
300635
300636
300637
300638
300639
300640
300641
300642
300643
300644
300645
300647
300648
300649
300650
300651
300652
300653
300654
300655
300656
300657
300658
300659
300660
300661
300662
300663
300664
300665
300666
300667
300668
300669
300670
300671
300672
300673
300674
300675
300676
300677
300678
300679
300680
300681
300682
300683
300684
300685
300686
300687
300688
300689
300690
300691
300692
300693
300694
300695
300696
300697
300698
300699
300700
300701
300702
300703
300705
300706
300707
300708
300709
300710
300711
300712
300713
300715
300716
300717
300718
300719
300720
300721
300722
300723
300724
300725
300726
300727
300729
300730
300731
300732
300733
300735
300736
300737
300738
300739
300740
300741
300742
300743
300745
300746
300747
300748
300749
300750
300751
300752
300753
300755
300756
300757
300758
300759
300760
300761
300762
300763
300765
300766
300767
300768
300769
300770
300771
300772
300773
300775
300776
300777
300778
300779
300780
300781
300782
300783
300785
300786
300787
300788
300789
300790
300791
300792
300793
300795
